.Random.seed <-
c(403L, 10L, 820867073L, 1550294675L, 993493314L, -1896255756L, 
948525815L, -1053168915L, 241132932L, 323111850L, 920670485L, 
880188335L, 1567409078L, 1082194400L, -385574621L, -2011206079L, 
-527253200L, -2045815986L, -696510023L, 1164977099L, -1161291654L, 
1659685244L, 201554367L, -877300075L, -866046804L, -347974014L, 
1089584733L, 898654551L, 2097933374L, -1572429704L, -936522917L, 
1403885241L, 1478208264L, 116400566L, 1754062577L, -493692637L, 
-48632974L, -1444527676L, 1599297927L, -1177926819L, 2137951572L, 
-526213254L, 1900990149L, 418594847L, 1226254246L, -1105528528L, 
-213666861L, -174126607L, 1532202784L, 1881704894L, 1170020809L, 
1729019259L, 68143946L, -865715284L, 293495471L, 1669054565L, 
-55168996L, -1524392334L, 1660436717L, -2068033241L, -2075632306L, 
1120365992L, 1231624619L, 1526690505L, -474164520L, -996204666L, 
1293873761L, 917867507L, -912261534L, 685082836L, -685747753L, 
-211643443L, 1266333540L, 681296714L, 1015423669L, 1751937551L, 
-1446489322L, -1139540544L, -2030240381L, -2002308191L, 632400784L, 
-956565394L, 631103001L, -800407893L, 1120936602L, -1782038948L, 
-1356203169L, -144976587L, 1627776204L, 29085218L, 1266589821L, 
365525367L, 1969460894L, 2135078232L, -1174752069L, 778054233L, 
1933406696L, -1076665322L, 2095968145L, -1231581117L, -431614126L, 
-1756668956L, -882638297L, 547838589L, -390290572L, -1008648358L, 
-2059699803L, 1219786175L, -1713379770L, -602110768L, -463438093L, 
-1058363375L, -2037739968L, -615374306L, -22221591L, 1937593883L, 
-302225878L, 233748812L, -38452465L, -1698023867L, -2042925060L, 
-1688644014L, -1782043699L, -1253735033L, -998588306L, -1758758840L, 
-1686857141L, -672622679L, 357660408L, -1182236122L, -1497932991L, 
617218259L, -322493310L, -728022348L, 824112695L, 585948461L, 
-1452861884L, 1373473642L, 437974997L, 1272000879L, 2036718710L, 
1975383968L, 1954525283L, -1108470527L, 668301424L, 1598981134L, 
21918841L, 585507851L, -1772696262L, 291998780L, 227715967L, 
986503381L, -236208916L, 76002882L, 1855531421L, -1703351273L, 
-1354706562L, 1972717368L, 304197659L, -1227865735L, -883234872L, 
1994189814L, 1423810097L, -1797146525L, 1280858162L, -357386876L, 
593550279L, -503148899L, -871766508L, 1752767674L, 1412344069L, 
-1632892193L, -1391978650L, 1192201968L, 790959635L, 143998897L, 
448080480L, -1235896322L, -442951799L, 1661059259L, -241681270L, 
1348853612L, -30077713L, 13379365L, 734360028L, -181186638L, 
-1635821907L, -1904038297L, 1504529806L, -76273048L, -633772437L, 
-799047671L, 332373656L, -155358778L, 994646305L, -1678681677L, 
657229090L, 1669062420L, 1489069975L, 1733044109L, -531006812L, 
1239676042L, -2118096139L, 1314692431L, 1005025878L, -1066653440L, 
311053379L, 1300373473L, 1433956176L, -1312521810L, 1321602905L, 
-1443707541L, 34606298L, 508839324L, 1735887263L, -1561785355L, 
605047436L, -1839751326L, -1491919043L, -1584228425L, 1756197982L, 
355273112L, -1867625221L, 1230932121L, 1406753064L, 1054982102L, 
864644177L, 2078590723L, -268513646L, -1030931972L, 213868466L, 
-490904080L, -1779579452L, -957386920L, -192808070L, -1179249232L, 
1362934204L, -1948247980L, 2098064322L, -929045728L, 1016020924L, 
471640656L, -343220766L, 892948840L, -2118107828L, 2026346748L, 
1626223346L, 1416365824L, 724911732L, -343328760L, -315397702L, 
1564657616L, -1321109012L, -1264935020L, 1304408786L, -611549600L, 
-1364847284L, 1065207072L, 1322128002L, -1682834968L, 2061223916L, 
-508533188L, -2068365710L, 75170672L, -1653626588L, -92720584L, 
-240889446L, -813295152L, -1374429764L, -1352992620L, 1942502530L, 
-1332980288L, -403365060L, 1736127632L, -1886063838L, -1870877176L, 
775453964L, -1207478884L, 1371504146L, -878072960L, -1765473516L, 
-1623518936L, 1022536762L, 1112873936L, -1396886932L, -719607244L, 
-457983342L, 975969632L, 162388300L, -1796749344L, 2066212258L, 
188272040L, -2032466292L, -1967010372L, 89566834L, 1809505264L, 
735540804L, 1087096920L, -315410374L, -882165648L, 165357628L, 
-1108797164L, 806539970L, 480169696L, -2134034308L, 1272884944L, 
-1076500062L, -1431003096L, -804181236L, -1497607748L, -621726926L, 
-1339901248L, -970030028L, 1468253896L, -889486150L, -149305712L, 
1893093100L, -1216443820L, 1735418514L, -1931357920L, 712718796L, 
1463751392L, 25454786L, -638323672L, -2074490964L, -102051140L, 
-435426318L, 1141288496L, -1113540700L, 1413995960L, 1946781530L, 
1071448208L, -256322692L, 1075167508L, 165980482L, 1159829760L, 
-2100032068L, 596920656L, -360908510L, 305373768L, -1034213364L, 
1819649628L, 1748646354L, 1549692416L, 2029956436L, 1178647784L, 
-337839878L, 1504812752L, -1899824340L, 775407860L, -697114222L, 
2063025504L, -938327028L, 1733598432L, -1631972766L, -504187736L, 
-1071446964L, 1428680572L, 1008199986L, 767173232L, -1842613436L, 
-1369314344L, 205355898L, 2042902576L, 1173737404L, -1216234924L, 
275710018L, -1332427104L, 438620860L, -455728176L, -1246988958L, 
-1565327640L, 1046027468L, -751834628L, 84364786L, 75693184L, 
1659685364L, -901770616L, 1794390842L, 1844684112L, 1423082604L, 
-1369301612L, -252827566L, 1891618272L, 566265036L, -1396945248L, 
-482401918L, 197800168L, 311306988L, -2030445252L, -70072206L, 
-1918733712L, -871368156L, -936671176L, -201029350L, 1841149136L, 
11462972L, -322210924L, -1115777150L, 184687552L, 305337916L, 
-1741090416L, 601241634L, -1877009144L, -1214789492L, 1950056220L, 
353680530L, 1245384064L, 715231252L, 1904805672L, 1470019130L, 
-581563952L, -453688980L, 1582222260L, -1990094318L, -1747212320L, 
-1374746164L, 457115872L, -1277602782L, -1792132312L, -812566004L, 
-20188356L, -1478993934L, -1359052048L, 839260740L, -339360168L, 
2127832890L, 237574128L, 628558524L, 447124756L, 365345986L, 
-1388196768L, -336409220L, -271466544L, 1508268322L, -19444056L, 
-1838071924L, -962837316L, -1197645006L, -1825896896L, 1920169140L, 
-193569720L, -1975067206L, -437822960L, -1303520020L, 807395668L, 
-507880686L, -837778016L, 1824019148L, 70752864L, 1824151490L, 
-601320664L, 1963295148L, -236067524L, 1437467506L, 1421636912L, 
-1043125508L, -637806483L, -1938885609L, 56550880L, -1234947650L, 
1071376267L, -1298749427L, -660373446L, -817098632L, -1503814623L, 
-1561461037L, -1017258508L, 427949698L, 1671428887L, 2118302177L, 
1029285670L, 668496420L, -1884125995L, 1492169855L, -265955048L, 
-51058634L, 2007711427L, 1127330565L, 477206178L, -1190464368L, 
-911219655L, -312869653L, 1955282396L, 962282506L, -179817729L, 
-510301367L, -560996130L, -1887805812L, 675273309L, 1971304551L, 
2097669520L, -1583471186L, 1132093531L, -806066115L, 708849322L, 
-2029323448L, -1226715279L, -1967859485L, 896229348L, 459175698L, 
1197140711L, -1413813071L, -957407498L, -652400364L, -1616417243L, 
-87260369L, 1443677416L, -1255692858L, -958339981L, 1905929941L, 
1108751538L, -2126251904L, 605705321L, 1812504795L, -965999572L, 
-1283924934L, -2004743441L, 293254521L, 2147346958L, -1225786404L, 
-595954611L, 1252894647L, -392505024L, 1797251102L, 1930315499L, 
-990902675L, -817451302L, -375402856L, -357378815L, 706566835L, 
872248788L, 975643874L, 1574399351L, -714206015L, 2065836102L, 
-750864508L, 1715646773L, -612921569L, 1676755576L, 2007054166L, 
1613608419L, -1605252187L, -213009854L, -240674768L, -1436672935L, 
-444644917L, -2127334852L, 314907754L, -771195233L, -1765571799L, 
193605566L, -266543444L, 1001858045L, 594639687L, 585890864L, 
1731808590L, -1750227589L, 1836720861L, 1733362442L, 2098807336L, 
-1744356719L, 2101258883L, 566254468L, 72507826L, 567312135L, 
1769381201L, 1653822678L, 2041610676L, -1459800635L, 686208271L, 
-675269752L, 301742758L, 1774438995L, 2086167477L, 1818837266L, 
2110350048L, 350185289L, 133806459L, 854766668L, 733464026L, 
828557263L, -24626791L, 575945134L, 2041206460L, -1129109715L, 
1038869719L, 1947913504L, -1301038466L, -1354562485L, 1348871757L, 
-333005702L, -1132675912L, -1333578143L, -851203053L, -1548555724L, 
-1864287166L, 1358197847L, -182247519L, -824528794L, -1570592668L, 
